Trajectory X:
 [[ 0.00000000e+00  1.81535120e-03  8.66819051e-01  8.35910235e-01
   7.16219665e-01  5.43631898e-01  4.76786311e-01  2.91246885e-01
   1.26450306e-01  5.09877057e-02 -2.69606051e-02 -3.23555874e-01
  -4.71549976e-01 -3.51435995e-01 -7.30020729e-01 -1.15500780e+00
  -1.54226057e+00 -2.01105278e+00 -2.37127940e+00 -2.63914831e+00
  -3.08557653e+00 -3.41196346e+00 -4.01303217e+00 -4.65187115e+00
  -5.07813676e+00 -5.71443030e+00 -6.26164863e+00 -6.68651899e+00
  -7.19268751e+00 -7.71421573e+00 -8.29246783e+00 -8.93685210e+00
  -9.70957637e+00 -1.04988339e+01 -1.13042289e+01 -1.22142696e+01
  -1.31612309e+01 -1.41326335e+01 -1.51234345e+01 -1.61032992e+01
  -1.70713628e+01 -1.80642499e+01 -1.90622309e+01 -2.00385181e+01
  -2.10332183e+01 -2.20284155e+01 -2.29826889e+01 -2.38567679e+01
  -2.47919786e+01 -2.55817937e+01 -2.63689835e+01 -2.71223759e+01]]
Trajectory Y:
 [[0.         0.06943781 0.15400365 0.11271809 0.11855581 0.13091858
  0.17705859 0.1630878  0.12998446 0.1104204  0.08849919 0.1231607
  0.05256135 0.08833249 0.1010507  0.19891548 0.23390185 0.29437692
  0.27967796 0.28351624 0.28922172 0.08902457 0.11120281 0.17189256
  0.17040946 0.04818894 0.05719788 0.14407143 0.17270085 0.25669785
  0.3026128  0.34329084 0.37765737 0.37105975 0.43609322 0.46302435
  0.51300499 0.61022555 0.64550923 0.65961993 0.73086312 0.81399865
  0.80046016 0.74215713 0.74310902 0.83313649 0.85432352 0.84002155
  0.87228713 0.81549108 0.79628427 0.83020759]]
Trajectory Z:
 [[ 0.          0.99758463  1.49217256  2.49084175  3.48363583  4.46855238
   5.46524831  6.44778581  7.43355772  8.43051441  9.42723078 10.38160483
  11.36806997 12.36018542 13.28566467 14.18555826 15.10686779 15.98810364
  16.92085265 17.88430038 18.77910164 19.70289419 20.50178374 21.26872671
  22.17332354 22.93502734 23.77196876 24.67304487 25.53500415 26.38409355
  27.19865867 27.96227782 28.59608863 29.21011551 29.79927558 30.21291877
  30.53035549 30.74697779 30.87762394 31.07678743 31.31715631 31.40238407
  31.3403312  31.54881174 31.65162499 31.61318433 31.91136779 32.396941
  32.74955948 33.36026925 33.97668083 34.63337643]]
